[
  {
    "index": 0,
    "K": [
      [
        969.6160888671875,
        0.0,
        254.8609161376953
      ],
      [
        0.0,
        972.2133178710938,
        257.00250244140625
      ],
      [
        0.0,
        0.0,
        1.0
      ]
    ],
    "cam2world": [
      [
        1.0,
        0.0001319661532761529,
        1.6973839592537843e-05,
        -0.00011284149513812736
      ],
      [
        -0.00013195954670663923,
        0.9999999403953552,
        -0.0003885756595991552,
        0.0033164701890200377
      ],
      [
        -1.70251169038238e-05,
        0.00038857338950037956,
        0.9999999403953552,
        0.012483807280659676
      ],
      [
        0.0,
        0.0,
        0.0,
        1.0
      ]
    ],
    "width": 518,
    "height": 518
  },
  {
    "index": 1,
    "K": [
      [
        1006.4619750976562,
        0.0,
        254.98487854003906
      ],
      [
        0.0,
        1012.13232421875,
        257.23089599609375
      ],
      [
        0.0,
        0.0,
        1.0
      ]
    ],
    "cam2world": [
      [
        0.9328585863113403,
        0.07167845219373703,
        0.3530397415161133,
        -2.2379705905914307
      ],
      [
        -0.06020054593682289,
        0.9972423315048218,
        -0.043400757014751434,
        0.2564910054206848
      ],
      [
        -0.35517704486846924,
        0.0192335844039917,
        0.9346011877059937,
        0.2568463981151581
      ],
      [
        0.0,
        0.0,
        0.0,
        1.0
      ]
    ],
    "width": 518,
    "height": 518
  },
  {
    "index": 2,
    "K": [
      [
        1007.762451171875,
        0.0,
        255.34132385253906
      ],
      [
        0.0,
        1014.5470581054688,
        257.1755676269531
      ],
      [
        0.0,
        0.0,
        1.0
      ]
    ],
    "cam2world": [
      [
        0.6657267808914185,
        0.18993718922138214,
        0.7216175198554993,
        -4.751646995544434
      ],
      [
        -0.16570235788822174,
        0.9805463552474976,
        -0.10522156208753586,
        0.6568164825439453
      ],
      [
        -0.7275648713111877,
        -0.04952491074800491,
        0.6842489242553711,
        1.7335675954818726
      ],
      [
        0.0,
        0.0,
        0.0,
        1.0
      ]
    ],
    "width": 518,
    "height": 518
  },
  {
    "index": 3,
    "K": [
      [
        1001.4734497070312,
        0.0,
        255.5751190185547
      ],
      [
        0.0,
        1013.2161865234375,
        256.9700622558594
      ],
      [
        0.0,
        0.0,
        1.0
      ]
    ],
    "cam2world": [
      [
        0.27293598651885986,
        0.2064150869846344,
        0.939626932144165,
        -6.027925968170166
      ],
      [
        -0.20931905508041382,
        0.966052770614624,
        -0.1514187753200531,
        0.9832523465156555
      ],
      [
        -0.9389842748641968,
        -0.15535417199134827,
        0.3068771958351135,
        4.2702741622924805
      ],
      [
        0.0,
        0.0,
        0.0,
        1.0
      ]
    ],
    "width": 518,
    "height": 518
  },
  {
    "index": 4,
    "K": [
      [
        1049.428955078125,
        0.0,
        256.23138427734375
      ],
      [
        0.0,
        1040.119140625,
        258.5809631347656
      ],
      [
        0.0,
        0.0,
        1.0
      ]
    ],
    "cam2world": [
      [
        -0.23969697952270508,
        0.03185570240020752,
        0.9703249335289001,
        -5.129085063934326
      ],
      [
        -0.45534205436706543,
        0.8790258765220642,
        -0.1413404494524002,
        0.5896065831184387
      ],
      [
        -0.8574432730674744,
        -0.47570866346359253,
        -0.19619464874267578,
        7.278705596923828
      ],
      [
        0.0,
        0.0,
        0.0,
        1.0
      ]
    ],
    "width": 518,
    "height": 518
  },
  {
    "index": 5,
    "K": [
      [
        1023.6650390625,
        0.0,
        255.60748291015625
      ],
      [
        0.0,
        1027.1282958984375,
        257.44805908203125
      ],
      [
        0.0,
        0.0,
        1.0
      ]
    ],
    "cam2world": [
      [
        -0.6789393424987793,
        0.10108016431331635,
        0.7272033095359802,
        -3.857980251312256
      ],
      [
        -0.21893031895160675,
        0.9175441265106201,
        -0.3319372534751892,
        1.7189091444015503
      ],
      [
        -0.700793445110321,
        -0.38457202911376953,
        -0.6008272171020508,
        9.639055252075195
      ],
      [
        0.0,
        0.0,
        0.0,
        1.0
      ]
    ],
    "width": 518,
    "height": 518
  },
  {
    "index": 6,
    "K": [
      [
        1010.2926025390625,
        0.0,
        254.9485321044922
      ],
      [
        0.0,
        1021.3002319335938,
        258.0827941894531
      ],
      [
        0.0,
        0.0,
        1.0
      ]
    ],
    "cam2world": [
      [
        -0.9726980924606323,
        0.013373427093029022,
        0.2316882163286209,
        -1.2311360836029053
      ],
      [
        -0.09525071829557419,
        0.8873697519302368,
        -0.45111215114593506,
        2.4584176540374756
      ],
      [
        -0.21162603795528412,
        -0.46086442470550537,
        -0.8618690967559814,
        11.261907577514648
      ],
      [
        0.0,
        0.0,
        0.0,
        1.0
      ]
    ],
    "width": 518,
    "height": 518
  },
  {
    "index": 7,
    "K": [
      [
        1015.8013916015625,
        0.0,
        254.10397338867188
      ],
      [
        0.0,
        1023.6304321289062,
        258.31060791015625
      ],
      [
        0.0,
        0.0,
        1.0
      ]
    ],
    "cam2world": [
      [
        -0.9641361236572266,
        -0.10510668158531189,
        -0.24371002614498138,
        1.4323740005493164
      ],
      [
        0.03892361745238304,
        0.8523194789886475,
        -0.5215712189674377,
        2.966557502746582
      ],
      [
        0.26253941655158997,
        -0.5123515725135803,
        -0.8176608085632324,
        10.946837425231934
      ],
      [
        0.0,
        0.0,
        0.0,
        1.0
      ]
    ],
    "width": 518,
    "height": 518
  },
  {
    "index": 8,
    "K": [
      [
        1021.3784790039062,
        0.0,
        254.22007751464844
      ],
      [
        0.0,
        1034.6380615234375,
        257.3887939453125
      ],
      [
        0.0,
        0.0,
        1.0
      ]
    ],
    "cam2world": [
      [
        -0.5899372100830078,
        -0.18006955087184906,
        -0.7871143817901611,
        4.793626308441162
      ],
      [
        0.20067967474460602,
        0.9115312099456787,
        -0.3589407503604889,
        2.172894239425659
      ],
      [
        0.7821136713027954,
        -0.36971035599708557,
        -0.5016099214553833,
        9.379809379577637
      ],
      [
        0.0,
        0.0,
        0.0,
        1.0
      ]
    ],
    "width": 518,
    "height": 518
  },
  {
    "index": 9,
    "K": [
      [
        980.1071166992188,
        0.0,
        255.2552947998047
      ],
      [
        0.0,
        997.7417602539062,
        256.1034851074219
      ],
      [
        0.0,
        0.0,
        1.0
      ]
    ],
    "cam2world": [
      [
        0.07246237993240356,
        -0.17363093793392181,
        -0.9821413159370422,
        7.035689830780029
      ],
      [
        0.23193059861660004,
        0.9606684446334839,
        -0.15272295475006104,
        1.0078057050704956
      ],
      [
        0.9700296521186829,
        -0.21672195196151733,
        0.109882652759552,
        5.5634684562683105
      ],
      [
        0.0,
        0.0,
        0.0,
        1.0
      ]
    ],
    "width": 518,
    "height": 518
  },
  {
    "index": 10,
    "K": [
      [
        1001.54150390625,
        0.0,
        255.18055725097656
      ],
      [
        0.0,
        1015.3864135742188,
        256.70367431640625
      ],
      [
        0.0,
        0.0,
        1.0
      ]
    ],
    "cam2world": [
      [
        0.5245183706283569,
        -0.14770524203777313,
        -0.8384889364242554,
        5.854935169219971
      ],
      [
        0.1699172407388687,
        0.9831847548484802,
        -0.0669022649526596,
        0.39911359548568726
      ],
      [
        0.8342713117599487,
        -0.10738225281238556,
        0.540796160697937,
        2.395541191101074
      ],
      [
        0.0,
        0.0,
        0.0,
        1.0
      ]
    ],
    "width": 518,
    "height": 518
  },
  {
    "index": 11,
    "K": [
      [
        1009.1580810546875,
        0.0,
        255.18162536621094
      ],
      [
        0.0,
        1019.0806274414062,
        256.5036926269531
      ],
      [
        0.0,
        0.0,
        1.0
      ]
    ],
    "cam2world": [
      [
        0.913320004940033,
        -0.07127609103918076,
        -0.40095674991607666,
        2.699578285217285
      ],
      [
        0.07621253281831741,
        0.99708491563797,
        -0.0036459891125559807,
        -0.0017385254614055157
      ],
      [
        0.40004777908325195,
        -0.0272279754281044,
        0.9160897135734558,
        0.02663888968527317
      ],
      [
        0.0,
        0.0,
        0.0,
        1.0
      ]
    ],
    "width": 518,
    "height": 518
  }
]