[
  {
    "index": 0,
    "K": [
      [
        769.292724609375,
        0.0,
        255.01693725585938
      ],
      [
        0.0,
        747.6228637695312,
        255.01028442382812
      ],
      [
        0.0,
        0.0,
        1.0
      ]
    ],
    "cam2world": [
      [
        1.0,
        -1.8687192095967475e-06,
        -0.00013029378897044808,
        -0.0006874516839161515
      ],
      [
        1.8685082068259362e-06,
        1.0,
        -1.6195268699448206e-06,
        0.005837185773998499
      ],
      [
        0.00013029378897044808,
        1.619283352738421e-06,
        1.0,
        0.07302827388048172
      ],
      [
        0.0,
        0.0,
        0.0,
        1.0
      ]
    ],
    "width": 518,
    "height": 518
  },
  {
    "index": 1,
    "K": [
      [
        783.8781127929688,
        0.0,
        254.94900512695312
      ],
      [
        0.0,
        768.4573974609375,
        255.1467742919922
      ],
      [
        0.0,
        0.0,
        1.0
      ]
    ],
    "cam2world": [
      [
        0.8517488241195679,
        0.07312241941690445,
        0.5188227891921997,
        -9.242910385131836
      ],
      [
        -0.09573269635438919,
        0.9952637553215027,
        0.016892315819859505,
        -0.28836655616760254
      ],
      [
        -0.5151302814483643,
        -0.06405630707740784,
        0.8547149300575256,
        2.2386720180511475
      ],
      [
        0.0,
        0.0,
        0.0,
        1.0
      ]
    ],
    "width": 518,
    "height": 518
  },
  {
    "index": 2,
    "K": [
      [
        748.775146484375,
        0.0,
        255.14065551757812
      ],
      [
        0.0,
        726.4789428710938,
        256.2889404296875
      ],
      [
        0.0,
        0.0,
        1.0
      ]
    ],
    "cam2world": [
      [
        0.706315815448761,
        0.12345979362726212,
        0.6970478296279907,
        -11.805037498474121
      ],
      [
        -0.1478988528251648,
        0.9886801838874817,
        -0.025247834622859955,
        0.7315511107444763
      ],
      [
        -0.6922744512557983,
        -0.08525961637496948,
        0.7165800333023071,
        5.862890243530273
      ],
      [
        0.0,
        0.0,
        0.0,
        1.0
      ]
    ],
    "width": 518,
    "height": 518
  },
  {
    "index": 3,
    "K": [
      [
        656.2511596679688,
        0.0,
        256.5491638183594
      ],
      [
        0.0,
        631.3281860351562,
        260.21929931640625
      ],
      [
        0.0,
        0.0,
        1.0
      ]
    ],
    "cam2world": [
      [
        0.9701007604598999,
        0.07943673431873322,
        0.22933459281921387,
        -2.0218496322631836
      ],
      [
        -0.03284953162074089,
        0.9792003631591797,
        -0.20021890103816986,
        4.216681003570557
      ],
      [
        -0.24046924710273743,
        0.18669895827770233,
        0.9525324106216431,
        7.283384799957275
      ],
      [
        0.0,
        0.0,
        0.0,
        1.0
      ]
    ],
    "width": 518,
    "height": 518
  },
  {
    "index": 4,
    "K": [
      [
        749.3705444335938,
        0.0,
        255.7626953125
      ],
      [
        0.0,
        732.9024658203125,
        257.5575256347656
      ],
      [
        0.0,
        0.0,
        1.0
      ]
    ],
    "cam2world": [
      [
        0.7942535877227783,
        0.13723380863666534,
        0.5918853282928467,
        -9.420463562011719
      ],
      [
        -0.12437688559293747,
        0.9902522563934326,
        -0.06269676983356476,
        1.5983210802078247
      ],
      [
        -0.5947198867797852,
        -0.023819707334041595,
        0.8035800457000732,
        5.978215217590332
      ],
      [
        0.0,
        0.0,
        0.0,
        1.0
      ]
    ],
    "width": 518,
    "height": 518
  },
  {
    "index": 5,
    "K": [
      [
        807.62060546875,
        0.0,
        254.1038360595703
      ],
      [
        0.0,
        794.057373046875,
        256.9092102050781
      ],
      [
        0.0,
        0.0,
        1.0
      ]
    ],
    "cam2world": [
      [
        -0.7551664113998413,
        -0.22776281833648682,
        -0.614693284034729,
        10.251232147216797
      ],
      [
        0.08419687300920486,
        0.8962328433990479,
        -0.4355199337005615,
        7.336275577545166
      ],
      [
        0.6501035690307617,
        -0.3806452751159668,
        -0.6576279401779175,
        28.451400756835938
      ],
      [
        0.0,
        0.0,
        0.0,
        1.0
      ]
    ],
    "width": 518,
    "height": 518
  },
  {
    "index": 6,
    "K": [
      [
        734.067626953125,
        0.0,
        255.64686584472656
      ],
      [
        0.0,
        715.261962890625,
        255.0415802001953
      ],
      [
        0.0,
        0.0,
        1.0
      ]
    ],
    "cam2world": [
      [
        0.9981381297111511,
        -0.033253420144319534,
        -0.05113214626908302,
        0.9556644558906555
      ],
      [
        0.03565132990479469,
        0.9982715249061584,
        0.04672219604253769,
        -0.7727620601654053
      ],
      [
        0.04949009045958519,
        -0.04845813661813736,
        0.99759840965271,
        0.5114588141441345
      ],
      [
        0.0,
        0.0,
        0.0,
        1.0
      ]
    ],
    "width": 518,
    "height": 518
  },
  {
    "index": 7,
    "K": [
      [
        778.704345703125,
        0.0,
        254.42547607421875
      ],
      [
        0.0,
        761.8789672851562,
        255.13731384277344
      ],
      [
        0.0,
        0.0,
        1.0
      ]
    ],
    "cam2world": [
      [
        0.8954033255577087,
        0.053105443716049194,
        0.44207763671875,
        -7.863261699676514
      ],
      [
        -0.08085019886493683,
        0.9957483410835266,
        0.04414130002260208,
        -0.7008374333381653
      ],
      [
        -0.43785393238067627,
        -0.07526633143424988,
        0.8958899974822998,
        1.70633864402771
      ],
      [
        0.0,
        0.0,
        0.0,
        1.0
      ]
    ],
    "width": 518,
    "height": 518
  },
  {
    "index": 8,
    "K": [
      [
        744.9195556640625,
        0.0,
        254.07757568359375
      ],
      [
        0.0,
        724.7434692382812,
        256.7438659667969
      ],
      [
        0.0,
        0.0,
        1.0
      ]
    ],
    "cam2world": [
      [
        -0.32060861587524414,
        -0.27715498208999634,
        -0.9057568311691284,
        15.181119918823242
      ],
      [
        0.22250232100486755,
        0.9074419736862183,
        -0.35642921924591064,
        5.9780354499816895
      ],
      [
        0.9207079410552979,
        -0.3158072233200073,
        -0.22926604747772217,
        21.098682403564453
      ],
      [
        0.0,
        0.0,
        0.0,
        1.0
      ]
    ],
    "width": 518,
    "height": 518
  },
  {
    "index": 9,
    "K": [
      [
        711.6055908203125,
        0.0,
        255.11285400390625
      ],
      [
        0.0,
        694.9345703125,
        259.59393310546875
      ],
      [
        0.0,
        0.0,
        1.0
      ]
    ],
    "cam2world": [
      [
        0.506974995136261,
        -0.2975672483444214,
        -0.8089684844017029,
        11.370477676391602
      ],
      [
        0.09751057624816895,
        0.9522957801818848,
        -0.28917887806892395,
        4.69338321685791
      ],
      [
        0.8564274907112122,
        0.06772347539663315,
        0.5118061304092407,
        9.957294464111328
      ],
      [
        0.0,
        0.0,
        0.0,
        1.0
      ]
    ],
    "width": 518,
    "height": 518
  },
  {
    "index": 10,
    "K": [
      [
        742.9345092773438,
        0.0,
        254.6004180908203
      ],
      [
        0.0,
        724.8961181640625,
        256.15386962890625
      ],
      [
        0.0,
        0.0,
        1.0
      ]
    ],
    "cam2world": [
      [
        0.5656849145889282,
        -0.19328325986862183,
        -0.8016496896743774,
        13.529366493225098
      ],
      [
        0.16526368260383606,
        0.9789923429489136,
        -0.11942332237958908,
        1.9146853685379028
      ],
      [
        0.8078913688659668,
        -0.0649276152253151,
        0.5857439041137695,
        7.619019985198975
      ],
      [
        0.0,
        0.0,
        0.0,
        1.0
      ]
    ],
    "width": 518,
    "height": 518
  },
  {
    "index": 11,
    "K": [
      [
        789.46728515625,
        0.0,
        254.3720245361328
      ],
      [
        0.0,
        772.6674194335938,
        254.3319854736328
      ],
      [
        0.0,
        0.0,
        1.0
      ]
    ],
    "cam2world": [
      [
        0.8455561399459839,
        -0.08335389941930771,
        -0.527339518070221,
        9.669474601745605
      ],
      [
        0.10675949603319168,
        0.9941858053207397,
        0.014036284759640694,
        -0.19659364223480225
      ],
      [
        0.5231035351753235,
        -0.06816697120666504,
        0.8495386838912964,
        1.8703358173370361
      ],
      [
        0.0,
        0.0,
        0.0,
        1.0
      ]
    ],
    "width": 518,
    "height": 518
  }
]