[
  {
    "index": 0,
    "K": [
      [
        617.21728515625,
        0.0,
        259.5535583496094
      ],
      [
        0.0,
        614.2796020507812,
        195.80201721191406
      ],
      [
        0.0,
        0.0,
        1.0
      ]
    ],
    "cam2world": [
      [
        1.0,
        4.929405986331403e-05,
        1.2530534831967088e-07,
        -0.00016927719116210938
      ],
      [
        -4.929403803544119e-05,
        1.0,
        -0.00015562991029582918,
        0.00041814264841377735
      ],
      [
        -1.3297696455083496e-07,
        0.00015562991029582918,
        1.0,
        0.0028664038982242346
      ],
      [
        0.0,
        0.0,
        0.0,
        1.0
      ]
    ],
    "width": 518,
    "height": 392
  },
  {
    "index": 1,
    "K": [
      [
        622.2682495117188,
        0.0,
        259.3951416015625
      ],
      [
        0.0,
        617.1539916992188,
        195.4805908203125
      ],
      [
        0.0,
        0.0,
        1.0
      ]
    ],
    "cam2world": [
      [
        0.9973668456077576,
        -0.029494279995560646,
        0.06625330448150635,
        -0.02279617078602314
      ],
      [
        0.03980815410614014,
        0.9862818121910095,
        -0.1601981818675995,
        0.06788184493780136
      ],
      [
        -0.060619503259658813,
        0.16241377592086792,
        0.9848588705062866,
        -0.3488709032535553
      ],
      [
        0.0,
        0.0,
        0.0,
        1.0
      ]
    ],
    "width": 518,
    "height": 392
  },
  {
    "index": 2,
    "K": [
      [
        616.8863525390625,
        0.0,
        259.6210021972656
      ],
      [
        0.0,
        611.6246948242188,
        195.96141052246094
      ],
      [
        0.0,
        0.0,
        1.0
      ]
    ],
    "cam2world": [
      [
        0.9701405167579651,
        0.1296018660068512,
        -0.20501390099525452,
        -0.042298804968595505
      ],
      [
        -0.11841917783021927,
        0.9907705783843994,
        0.06595879048109055,
        -0.00034362892620265484
      ],
      [
        0.2116701304912567,
        -0.03971171751618385,
        0.9765340685844421,
        0.004011092707514763
      ],
      [
        0.0,
        0.0,
        0.0,
        1.0
      ]
    ],
    "width": 518,
    "height": 392
  },
  {
    "index": 3,
    "K": [
      [
        620.2634887695312,
        0.0,
        259.6093444824219
      ],
      [
        0.0,
        614.3782348632812,
        195.6438446044922
      ],
      [
        0.0,
        0.0,
        1.0
      ]
    ],
    "cam2world": [
      [
        0.9914590120315552,
        -0.0692557618021965,
        0.11051108688116074,
        -0.9170045256614685
      ],
      [
        0.0713038370013237,
        0.9973465204238892,
        -0.014684818685054779,
        -0.0035633635707199574
      ],
      [
        -0.1092008426785469,
        0.02243926003575325,
        0.9937664270401001,
        0.09082186967134476
      ],
      [
        0.0,
        0.0,
        0.0,
        1.0
      ]
    ],
    "width": 518,
    "height": 392
  },
  {
    "index": 4,
    "K": [
      [
        613.7714233398438,
        0.0,
        259.8459167480469
      ],
      [
        0.0,
        613.8314819335938,
        195.8830108642578
      ],
      [
        0.0,
        0.0,
        1.0
      ]
    ],
    "cam2world": [
      [
        0.5103089809417725,
        0.3222801983356476,
        -0.7973206639289856,
        0.5329065918922424
      ],
      [
        -0.3590823709964752,
        0.9222903251647949,
        0.1429699957370758,
        -0.29386505484580994
      ],
      [
        0.7814375758171082,
        0.21334490180015564,
        0.5863781571388245,
        0.5871413946151733
      ],
      [
        0.0,
        0.0,
        0.0,
        1.0
      ]
    ],
    "width": 518,
    "height": 392
  },
  {
    "index": 5,
    "K": [
      [
        615.4462890625,
        0.0,
        259.96136474609375
      ],
      [
        0.0,
        613.1130981445312,
        195.95135498046875
      ],
      [
        0.0,
        0.0,
        1.0
      ]
    ],
    "cam2world": [
      [
        0.4685792922973633,
        0.3713703751564026,
        -0.8015718460083008,
        0.31600695848464966
      ],
      [
        -0.38559257984161377,
        0.902333676815033,
        0.1926456093788147,
        -0.20819596946239471
      ],
      [
        0.7948281764984131,
        0.21881040930747986,
        0.5660125017166138,
        0.45613911747932434
      ],
      [
        0.0,
        0.0,
        0.0,
        1.0
      ]
    ],
    "width": 518,
    "height": 392
  }
]